0.521461286874
0.521451279281
0.521441271888
0.521431264694
0.521421257701
0.521411250907
0.521401244314
0.521391237921
0.521381231727
0.521371225734
0.52136121994
0.521351214347
0.521341208953
0.52133120376
0.521321198766
0.521311193972
0.521301189379
0.521291184985
0.521281180791
0.521271176797
0.521261173003
0.521251169409
0.521241166015
0.521231162821
0.521221159827
0.521211157032
0.521201154438
0.521191152043
0.521181149849
0.521171147854
0.521161146059
0.521151144464
0.521141143069
0.521131141874
0.521121140879
0.521111140083
0.521101139488
0.521091139092
0.521081138896
0.5210711389
0.521061139104
0.521051139508
0.521041140112
0.521031140915
0.521021141918
0.521011143122
0.521001144525
0.520991146127
0.52098114793
0.520971149932
0.520961152135
0.520951154537
0.520941157139
0.52093115994
0.520921162942
0.520911166143
0.520901169544
0.520891173145
0.520881176945
0.520871180946
0.520861185146
0.520851189546
0.520841194146
0.520831198945
0.520821203945
0.520811209144
0.520801214542
0.520791220141
0.520781225939
0.520771231937
0.520761238135
0.520751244532
0.520741251129
0.520731257926
0.520721264923
0.520711272119
0.520701279515
0.520691287111
0.520681294906
0.520671302902
0.520661311097
0.520651319491
0.520641328085
0.520631336879
0.520621345873
0.520611355066
0.520601364459
0.520591374052
0.520581383844
0.520571393836
0.520561404027
0.520551414419
0.52054142501
0.5205314358
0.52052144679
0.52051145798
0.52050146937
0.520491480959
0.520481492747
0.520471504736
0.520461516924
0.520451529311
0.520441541898
0.520431554685
0.520421567671
0.520411580857
0.520401594243
0.520391607828
0.520381621613
0.520371635597
0.520361649781
0.520351664164
0.520341678747
0.52033169353
0.520321708512
0.520311723694
0.520301739075
0.520291754656
0.520281770436
0.520271786416
0.520261802595
0.520251818974
0.520241835553
0.520231852331
0.520221869308
0.520211886485
0.520201903862
0.520191921438
0.520181939214
0.520171957189
0.520161975363
0.520151993737
0.520142012311
0.520132031084
0.520122050056
0.520112069228
0.5201020886
0.520092108171
0.520082127941
0.520072147911
0.52006216808
0.520052188449
0.520042209017
0.520032229785
0.520022250752
0.520012271918
0.520002293284
0.51999231485
0.519982336614
0.519972358579
0.519962380742
0.519952403105
0.519942425668
0.51993244843
0.519922471391
0.519912494551
0.519902517911
0.519892541471
0.51988256523
0.519872589188
0.519862613346
0.519852637702
0.519842662259
0.519832687014
0.51982271197
0.519812737124
0.519802762478
0.519792788031
0.519782813783
0.519772839735
0.519762865886
0.519752892237
0.519742918786
0.519732945535
0.519722972484
0.519712999632
0.519703026979
0.519693054525
0.519683082271
0.519673110216
0.51966313836
0.519653166704
0.519643195246
0.519633223989
0.51962325293
0.519613282071
0.519603311411
0.51959334095
0.519583370688
0.519573400626
0.519563430763
0.519553461099
0.519543491635
0.51953352237
0.519523553304
0.519513584437
0.519503615769
0.519493647301
0.519483679032
0.519473710962
0.519463743092
0.51945377542
0.519443807948
0.519433840675
0.519423873601
0.519413906726
0.519403940051
0.519393973575
0.519384007298
0.51937404122
0.519364075341
0.519354109662
0.519344144181
0.5193341789
0.519324213818
0.519314248935
0.519304284252
0.519294319767
0.519284355482
0.519274391395
0.519264427508
0.51925446382
0.519244500331
0.519234537042
0.519224573951
0.51921461106
0.519204648367
0.519194685874
0.51918472358
0.519174761485
0.519164799589
0.519154837892
0.519144876394
0.519134915095
0.519124953996
0.519114993095
0.519105032394
0.519095071891
0.519085111588
0.519075151484
0.519065191578
0.519055231872
0.519045272365
0.519035313057
0.519025353948
0.519015395038
0.519005436327
0.518995477815
0.518985519502
0.518975561388
0.518965603473
0.518955645758
0.518945688241
0.518935730923
0.518925773804
0.518915816884
0.518905860163
0.518895903642
0.518885947319
0.518875991195
0.51886603527
0.518856079544
0.518846124017
0.518836168689
0.51882621356
0.51881625863
0.518806303899
0.518796349367
0.518786395033
0.518776440899
0.518766486964
0.518756533227
0.51874657969
0.518736626351
0.518726673212
0.518716720271
0.518706767529
0.518696814986
0.518686862642
0.518676910497
0.518666958551
0.518657006804
0.518647055255
0.518637103906
0.518627152755
0.518617201804
0.518607251051
0.518597300497
0.518587350142
0.518577399985
0.518567450028
0.518557500269
0.51854755071
0.518537601349
0.518527652187
0.518517703224
0.518507754459
0.518497805894
0.518487857527
0.518477909359
0.51846796139
0.51845801362
0.518448066049
0.518438118676
0.518428171502
0.518418224527
0.518408277751
0.518398331173
0.518388384795
0.518378438615
0.518368492634
0.518358546852
0.518348601268
0.518338655883
0.518328710697
0.51831876571
0.518308820922
0.518298876332
0.518288931941
0.518278987749
0.518269043755
0.51825909996
0.518249156364
0.518239212967
0.518229269769
0.518219326769
0.518209383968
0.518199441365
0.518189498961
0.518179556756
0.51816961475
0.518159672942
0.518149731333
0.518139789923
0.518129848712
0.518119907699
0.518109966885
0.518100026269
0.518090085852
0.518080145634
0.518070205614
0.518060265794
0.518050326171
0.518040386748
0.518030447523
0.518020508496
0.518010569669
0.51800063104
0.517990692609
0.517980754378
0.517970816344
0.51796087851
0.517950940874
0.517941003437
0.517931066198
0.517921129158
0.517911192316
0.517901255673
0.517891319229
0.517881382983
0.517871446936
0.517861511087
0.517851575437
0.517841639986
0.517831704733
0.517821769679
0.517811834823
0.517801900166
0.517791965707
0.517782031447
0.517772097385
0.517762163522
0.517752229858
0.517742296392
0.517732363124
0.517722430055
0.517712497185
0.517702564513
0.51769263204
0.517682699765
0.517672767688
0.51766283581
0.517652904131
0.51764297265
0.517633041368
0.517623110284
0.517613179398
0.517603248711
0.517593318223
0.517583387933
0.517573457841
0.517563527948
0.517553598253
0.517543668757
0.517533739459
0.51752381036
0.517513881459
0.517503952756
0.517494024252
0.517484095947
0.517474167839
0.517464239931
0.51745431222
0.517444384708
0.517434457395
0.51742453028
0.517414603363
0.517404676644
0.517394750124
0.517384823803
0.51737489768
0.517364971755
0.517355046028
0.5173451205
0.51733519517
0.517325270039
0.517315345106
0.517305420371
0.517295495835
0.517285571497
0.517275647358
0.517265723416
0.517255799673
0.517245876129
0.517235952783
0.517226029635
0.517216106685
0.517206183934
0.517196261381
0.517186339026
0.517176416869
0.517166494911
0.517156573152
0.51714665159
0.517136730227
0.517126809062
0.517116888095
0.517106967327
0.517097046757
0.517087126385
0.517077206211
0.517067286236
0.517057366459
0.51704744688
0.517037527499
0.517027608317
0.517017689333
0.517007770547
0.516997851959
0.51698793357
0.516978015379
0.516968097386
0.516958179591
0.516948261995
0.516938344596
0.516928427396
0.516918510394
0.51690859359
0.516898676985
0.516888760578
0.516878844368
0.516868928357
0.516859012545
0.51684909693
0.516839181514
0.516829266295
0.516819351275
0.516809436453
0.516799521829
0.516789607404
0.516779693176
0.516769779147
0.516759865315
0.516749951682
0.516740038247
0.51673012501
0.516720211972
0.516710299131
0.516700386488
0.516690474044
0.516680561798
0.516670649749
0.516660737899
0.516650826247
0.516640914793
0.516631003537
0.51662109248
0.51661118162
0.516601270958
0.516591360495
0.516581450229
0.516571540162
0.516561630292
0.516551720621
0.516541811148
0.516531901873
0.516521992795
0.516512083916
0.516502175235
0.516492266752
0.516482358467
0.51647245038
0.516462542491
0.5164526348
0.516442727307
0.516432820012
0.516422912915
0.516413006016
0.516403099315
0.516393192812
0.516383286507
0.5163733804
0.516363474491
0.51635356878
0.516343663267
0.516333757951
0.516323852834
0.516313947915
0.516304043194
0.51629413867
0.516284234345
0.516274330218
0.516264426288
0.516254522556
0.516244619023
0.516234715687
0.516224812549
0.516214909609
0.516205006867
0.516195104323
0.516185201977
0.516175299829
0.516165397879
0.516155496126
0.516145594572
0.516135693215
0.516125792056
0.516115891095
0.516105990332
0.516096089767
0.5160861894
0.51607628923
0.516066389259
0.516056489485
0.516046589909
0.516036690531
0.516026791351
0.516016892369
0.516006993584
0.515997094997
0.515987196609
0.515977298418
0.515967400424
0.515957502629
0.515947605031
0.515937707632
0.51592781043
0.515917913426
0.515908016619
0.515898120011
0.5158882236
0.515878327387
0.515868431372
0.515858535554
0.515848639934
0.515838744513
0.515828849288
0.515818954262
0.515809059433
0.515799164802
0.515789270369
0.515779376134
0.515769482096
0.515759588256
0.515749694614
0.51573980117
0.515729907923
0.515720014874
0.515710122023
0.515700229369
0.515690336913
0.515680444655
0.515670552595
0.515660660732
0.515650769067
0.5156408776
0.51563098633
0.515621095258
0.515611204383
0.515601313707
0.515591423228
0.515581532947
0.515571642863
0.515561752977
0.515551863288
0.515541973798
0.515532084505
0.515522195409
0.515512306512
0.515502417811
0.515492529309
0.515482641004
0.515472752897
0.515462864987
0.515452977275
0.515443089761
0.515433202444
0.515423315325
0.515413428403
0.515403541679
0.515393655152
0.515383768824
0.515373882692
0.515363996759
0.515354111022
0.515344225484
0.515334340143
0.515324455
0.515314570054
0.515304685305
0.515294800755
0.515284916401
0.515275032246
0.515265148288
0.515255264527
0.515245380964
0.515235497598
0.51522561443
0.51521573146
0.515205848687
0.515195966111
0.515186083734
0.515176201553
0.51516631957
0.515156437785
0.515146556197
0.515136674806
0.515126793613
0.515116912618
0.51510703182
0.515097151219
0.515087270816
0.51507739061
0.515067510602
0.515057630791
0.515047751178
0.515037871762
0.515027992544
0.515018113523
0.515008234699
0.514998356073
0.514988477645
0.514978599414
0.51496872138
0.514958843543
0.514948965904
0.514939088463
0.514929211219
0.514919334172
0.514909457323
0.514899580671
0.514889704216
0.514879827959
0.514869951899
0.514860076037
0.514850200372
0.514840324904
0.514830449633
0.514820574561
0.514810699685
0.514800825007
0.514790950526
0.514781076242
0.514771202156
0.514761328267
0.514751454576
0.514741581081
0.514731707784
0.514721834685
0.514711961783
0.514702089078
0.51469221657
0.51468234426
0.514672472147
0.514662600231
0.514652728512
0.514642856991
0.514632985667
0.514623114541
0.514613243612
0.51460337288
0.514593502345
0.514583632007
0.514573761867
0.514563891924
0.514554022178
0.51454415263
0.514534283279
0.514524414125
0.514514545168
0.514504676409
0.514494807846
0.514484939481
0.514475071313
0.514465203343
0.514455335569
0.514445467993
0.514435600614
0.514425733433
0.514415866448
0.514405999661
0.51439613307
0.514386266677
0.514376400482
0.514366534483
0.514356668682
0.514346803077
0.51433693767
0.51432707246
0.514317207447
0.514307342632
0.514297478013
0.514287613592
0.514277749368
0.514267885341
0.514258021511
0.514248157878
0.514238294442
0.514228431204
0.514218568163
0.514208705318
0.514198842671
0.514188980221
0.514179117968
0.514169255912
0.514159394053
0.514149532392
0.514139670927
0.51412980966
0.514119948589
0.514110087716
0.51410022704
0.51409036656
0.514080506278
0.514070646193
0.514060786305
0.514050926614
0.51404106712
0.514031207824
0.514021348724
0.514011489821
0.514001631115
0.513991772606
0.513981914295
0.51397205618
0.513962198262
0.513952340542
0.513942483018
0.513932625692
0.513922768562
0.513912911629
0.513903054894
0.513893198355
0.513883342013
0.513873485869
0.513863629921
0.51385377417
0.513843918617
0.51383406326
0.5138242081
0.513814353137
0.513804498371
0.513794643802
0.51378478943
0.513774935255
0.513765081277
0.513755227496
0.513745373912
0.513735520524
0.513725667334
0.51371581434
0.513705961544
0.513696108944
0.513686256541
0.513676404336
0.513666552327
0.513656700515
0.513646848899
0.513636997481
0.51362714626
0.513617295235
0.513607444408
0.513597593777
0.513587743343
0.513577893106
0.513568043066
0.513558193222
0.513548343576
0.513538494126
0.513528644874
0.513518795818
0.513508946959
0.513499098296
0.513489249831
0.513479401562
0.513469553491
0.513459705616
0.513449857937
0.513440010456
0.513430163172
0.513420316084
0.513410469193
0.513400622499
0.513390776001
0.513380929701
0.513371083597
0.51336123769
0.51335139198
0.513341546466
0.51333170115
0.51332185603
0.513312011107
0.51330216638
0.51329232185
0.513282477518
0.513272633381
0.513262789442
0.513252945699
0.513243102153
0.513233258804
0.513223415651
0.513213572696
0.513203729937
0.513193887374
0.513184045008
0.51317420284
0.513164360867
0.513154519092
0.513144677513
0.513134836131
0.513124994945
0.513115153956
0.513105313164
0.513095472569
0.51308563217
0.513075791968
0.513065951962
0.513056112153
0.513046272541
0.513036433125
0.513026593907
0.513016754884
0.513006916059
0.51299707743
0.512987238997
0.512977400762
0.512967562722
0.51295772488
0.512947887234
0.512938049785
0.512928212532
0.512918375476
0.512908538617
0.512898701954
0.512888865487
0.512879029218
0.512869193145
0.512859357268
0.512849521588
0.512839686105
0.512829850818
0.512820015727
0.512810180834
0.512800346137
0.512790511636
0.512780677332
0.512770843224
0.512761009313
0.512751175599
0.512741342081
0.51273150876
0.512721675635
0.512711842706
0.512702009974
0.512692177439
0.5126823451
0.512672512958
0.512662681012
0.512652849263
0.51264301771
0.512633186354
0.512623355194
0.51261352423
0.512603693463
0.512593862893
0.512584032519
0.512574202341
0.51256437236
0.512554542576
0.512544712987
0.512534883596
0.512525054401
0.512515225402
0.512505396599
0.512495567993
0.512485739584
0.512475911371
0.512466083354
0.512456255534
0.51244642791
0.512436600482
0.512426773251
0.512416946217
0.512407119378
0.512397292737
0.512387466291
0.512377640042
0.512367813989
0.512357988133
0.512348162473
0.512338337009
0.512328511742
0.512318686671
0.512308861797
0.512299037119
0.512289212637
0.512279388351
0.512269564262
0.51225974037
0.512249916673
0.512240093173
0.512230269869
0.512220446762
0.512210623851
0.512200801136
0.512190978617
0.512181156295
0.512171334169
0.512161512239
0.512151690506
0.512141868969
0.512132047628
0.512122226484
0.512112405536
0.512102584784
0.512092764228
0.512082943869
0.512073123706
0.512063303739
0.512053483968
0.512043664394
0.512033845016
0.512024025834
0.512014206848
0.512004388059
0.511994569466
0.511984751069
0.511974932868
0.511965114864
0.511955297055
0.511945479443
0.511935662028
0.511925844808
0.511916027784
0.511906210957
0.511896394326
0.511886577891
0.511876761653
0.51186694561
0.511857129764
0.511847314114
0.51183749866
0.511827683402
0.51181786834
0.511808053475
0.511798238805
0.511788424332
0.511778610055
0.511768795974
0.51175898209
0.511749168401
0.511739354908
0.511729541612
0.511719728512
0.511709915608
0.5117001029
0.511690290388
0.511680478072
0.511670665952
0.511660854029
0.511651042301
0.51164123077
0.511631419434
0.511621608295
0.511611797352
0.511601986605
0.511592176054
0.511582365699
0.51157255554
0.511562745577
